# Model hyperparameter values by iteration (iter npts variance lengthscales)
  0.0000000000E+00  2.0000000000E+00       3.0343193756E-01  3.5438477417E-01  3.5438477417E-01
  1.0000000000E+00  3.0000000000E+00       2.7443450082E-01  4.1258289050E-01  3.5352444223E-01
  2.0000000000E+00  4.0000000000E+00       2.5274695455E-01  4.1752014812E-01  3.0930247418E-01
  3.0000000000E+00  5.0000000000E+00       1.1891502956E+00  4.6237155377E-01  1.6060289894E-01
  4.0000000000E+00  6.0000000000E+00       2.0500922546E+00  4.0312331922E-01  1.1189202126E-01
  5.0000000000E+00  7.0000000000E+00       2.1758104390E+00  3.6072772784E-01  1.2450994691E-01
  6.0000000000E+00  8.0000000000E+00       2.2014069848E+00  1.8045050159E-01  1.2731560881E-01
  7.0000000000E+00  9.0000000000E+00       2.4574983495E+00  1.8049323489E-01  1.1760307036E-01
  8.0000000000E+00  1.0000000000E+01       2.7951469403E+00  1.8245939316E-01  1.1084164676E-01
  9.0000000000E+00  1.1000000000E+01       2.7908832170E+00  1.6265826804E-01  1.1352417809E-01
  1.0000000000E+01  1.2000000000E+01       3.0983806697E+00  1.7507008379E-01  1.2600923583E-01
  1.1000000000E+01  1.3000000000E+01       3.2514609647E+00  2.1940853336E-01  1.1643353067E-01
  1.2000000000E+01  1.4000000000E+01       3.6516440927E+00  2.2112402889E-01  1.4596470575E-01
  1.3000000000E+01  1.5000000000E+01       3.9395072936E+00  2.7191810260E-01  1.7658248806E-01
  1.4000000000E+01  1.6000000000E+01       4.1670974692E+00  2.7045819658E-01  2.0877875230E-01
  1.5000000000E+01  1.7000000000E+01       4.3513930624E+00  2.6751014101E-01  2.1220909269E-01
  1.6000000000E+01  1.8000000000E+01       4.3325124542E+00  2.5679528609E-01  1.8248600290E-01
  1.7000000000E+01  1.9000000000E+01       4.3869188046E+00  2.5567867590E-01  1.8252805959E-01
  1.8000000000E+01  2.0000000000E+01       4.5122299413E+00  2.6237716711E-01  1.8242753324E-01
  1.9000000000E+01  2.1000000000E+01       4.4981918158E+00  2.6270065909E-01  1.8271047180E-01
  2.0000000000E+01  2.2000000000E+01       4.5006712764E+00  2.6471275825E-01  1.7486850200E-01
  2.1000000000E+01  2.3000000000E+01       4.5092614328E+00  2.6600875683E-01  1.7635013068E-01
  2.2000000000E+01  2.4000000000E+01       4.5943244169E+00  2.6595351109E-01  1.7637419956E-01
  2.3000000000E+01  2.5000000000E+01       4.6560620656E+00  2.7131718485E-01  1.7767623234E-01
  2.4000000000E+01  2.6000000000E+01       4.7890985721E+00  2.7028867105E-01  1.8195790204E-01
  2.5000000000E+01  2.7000000000E+01       4.8734489629E+00  2.8013703501E-01  1.8015319910E-01
  2.6000000000E+01  2.8000000000E+01       4.8852588185E+00  2.8216644796E-01  1.8135412608E-01
  2.7000000000E+01  2.9000000000E+01       4.8664617985E+00  2.8199007242E-01  1.8081775971E-01
  2.8000000000E+01  3.0000000000E+01       5.5528594750E+00  3.0167806351E-01  1.9173557201E-01
  2.9000000000E+01  3.1000000000E+01       5.5610755207E+00  3.0537347053E-01  1.9271093783E-01
  3.0000000000E+01  3.2000000000E+01       6.1292930751E+00  3.4546025939E-01  2.0943234487E-01
  3.1000000000E+01  3.3000000000E+01       6.2245271356E+00  3.5460945207E-01  2.0513789810E-01
  3.2000000000E+01  3.4000000000E+01       6.3503730239E+00  3.6277354635E-01  2.0485559308E-01
  3.3000000000E+01  3.5000000000E+01       7.1849674881E+00  4.4124146307E-01  2.6901960742E-01
  3.4000000000E+01  3.6000000000E+01       7.2851127622E+00  4.5099463295E-01  2.7593006048E-01
  3.5000000000E+01  3.7000000000E+01       7.4281396188E+00  4.6038801552E-01  2.8851386685E-01
  3.6000000000E+01  3.8000000000E+01       7.3028870902E+00  4.4749405322E-01  2.8029668840E-01
  3.7000000000E+01  3.9000000000E+01       7.4300661808E+00  4.6052441815E-01  2.8564976901E-01
  3.8000000000E+01  4.0000000000E+01       7.5129778032E+00  4.7067206096E-01  2.8663963364E-01
  3.9000000000E+01  4.1000000000E+01       7.3876777387E+00  4.7186468775E-01  2.8336733125E-01
  4.0000000000E+01  4.2000000000E+01       7.4192003453E+00  4.7295892321E-01  2.9218624725E-01
  4.1000000000E+01  4.3000000000E+01       7.3194983121E+00  4.7347262918E-01  2.9345202111E-01
  4.2000000000E+01  4.4000000000E+01       7.3609108059E+00  4.7501260852E-01  2.9141169679E-01
  4.3000000000E+01  4.5000000000E+01       7.3285408089E+00  4.7586704666E-01  2.9166133786E-01
  4.4000000000E+01  4.6000000000E+01       7.2692726075E+00  4.7802195276E-01  2.9052516685E-01
  4.5000000000E+01  4.7000000000E+01       7.2896347518E+00  4.7846580863E-01  2.9456718184E-01
  4.6000000000E+01  4.8000000000E+01       7.2541470360E+00  4.7863769085E-01  2.9574281150E-01
  4.7000000000E+01  4.9000000000E+01       7.2122258446E+00  4.7948871535E-01  2.9258606791E-01
  4.8000000000E+01  5.0000000000E+01       7.2037973300E+00  4.8358286787E-01  2.8368291690E-01
  4.9000000000E+01  5.1000000000E+01       7.5735197522E+00  4.4631108923E-01  2.7480060129E-01
  5.0000000000E+01  5.2000000000E+01       7.5715323251E+00  4.4719281988E-01  2.7272422867E-01
  5.1000000000E+01  5.3000000000E+01       7.5586420570E+00  4.4797929682E-01  2.7316723544E-01
  5.2000000000E+01  5.4000000000E+01       7.5602311952E+00  4.5222436576E-01  2.6223924201E-01
  5.3000000000E+01  5.5000000000E+01       7.5841574955E+00  4.4594657149E-01  2.6923988142E-01
  5.4000000000E+01  5.6000000000E+01       7.6542212891E+00  4.3985108330E-01  2.7091550095E-01
  5.5000000000E+01  5.7000000000E+01       7.6409643934E+00  4.3851239575E-01  2.7340722925E-01
  5.6000000000E+01  5.8000000000E+01       7.6043724490E+00  4.3724434194E-01  2.7477428774E-01
  5.7000000000E+01  5.9000000000E+01       7.5924937434E+00  4.3606782430E-01  2.7798388655E-01
  5.8000000000E+01  6.0000000000E+01       7.6170236900E+00  4.3888240201E-01  2.7898715251E-01
  5.9000000000E+01  6.1000000000E+01       7.5824911814E+00  4.3555775108E-01  2.8199365837E-01
  6.0000000000E+01  6.2000000000E+01       7.5420328234E+00  4.3691704866E-01  2.8134822758E-01
  6.1000000000E+01  6.3000000000E+01       7.5253664451E+00  4.3612581693E-01  2.8314444985E-01
  6.2000000000E+01  6.4000000000E+01       7.5465856293E+00  4.2706018268E-01  2.8785985817E-01
  6.3000000000E+01  6.5000000000E+01       7.5172678225E+00  4.2655013365E-01  2.8547116506E-01
  6.4000000000E+01  6.6000000000E+01       7.4759173537E+00  4.2608737020E-01  2.8561915490E-01
  6.5000000000E+01  6.7000000000E+01       7.4774824329E+00  4.2735797531E-01  2.8702369636E-01
  6.6000000000E+01  6.8000000000E+01       7.4534541500E+00  4.2728588302E-01  2.8889384297E-01
  6.7000000000E+01  6.9000000000E+01       7.4455118383E+00  4.2746500529E-01  2.9092073368E-01
  6.8000000000E+01  7.0000000000E+01       7.4226885189E+00  4.2883777175E-01  2.9102413479E-01
  6.9000000000E+01  7.1000000000E+01       7.4343810393E+00  4.2928681824E-01  2.9318539826E-01
  7.0000000000E+01  7.2000000000E+01       7.4177255187E+00  4.3029312042E-01  2.9292346045E-01
  7.1000000000E+01  7.3000000000E+01       7.3901944017E+00  4.3100395790E-01  2.9364193355E-01
  7.2000000000E+01  7.4000000000E+01       7.6347156756E+00  4.0394186895E-01  3.1104994532E-01
  7.3000000000E+01  7.5000000000E+01       7.6184935473E+00  4.0491369922E-01  3.1154375309E-01
  7.4000000000E+01  7.6000000000E+01       7.6945774290E+00  3.9264618793E-01  3.1394367630E-01
  7.5000000000E+01  7.7000000000E+01       7.6812061582E+00  3.9327040790E-01  3.1361690831E-01
  7.6000000000E+01  7.8000000000E+01       7.6808399620E+00  3.9433221869E-01  3.1494266707E-01
  7.7000000000E+01  7.9000000000E+01       7.6828316972E+00  3.9516944765E-01  3.1643359865E-01
  7.8000000000E+01  8.0000000000E+01       7.6659790041E+00  3.9637601901E-01  3.1661295731E-01
  7.9000000000E+01  8.1000000000E+01       7.6763247379E+00  3.9755936722E-01  3.1799707815E-01
  8.0000000000E+01  8.2000000000E+01       7.6807648906E+00  3.9852501028E-01  3.1917713795E-01
  8.1000000000E+01  8.3000000000E+01       7.9241463690E+00  3.7279319699E-01  2.9590470294E-01
  8.2000000000E+01  8.4000000000E+01       8.1441280006E+00  3.5615330246E-01  2.8398514622E-01
  8.3000000000E+01  8.5000000000E+01       8.1486637384E+00  3.5002545038E-01  2.8840400609E-01
  8.4000000000E+01  8.6000000000E+01       8.1323636439E+00  3.5104192286E-01  2.8807692109E-01
  8.5000000000E+01  8.7000000000E+01       8.1191755990E+00  3.5173295632E-01  2.8855620426E-01
  8.6000000000E+01  8.8000000000E+01       8.1113798067E+00  3.5251100078E-01  2.8921166306E-01
  8.7000000000E+01  8.9000000000E+01       8.0977745469E+00  3.5277165126E-01  2.8989969680E-01
  8.8000000000E+01  9.0000000000E+01       8.1026143053E+00  3.5440365344E-01  2.9009941814E-01
  8.9000000000E+01  9.1000000000E+01       8.0654097395E+00  3.4987816278E-01  2.8712556498E-01
  9.0000000000E+01  9.2000000000E+01       8.0641849141E+00  3.5013641885E-01  2.8857198437E-01
  9.1000000000E+01  9.3000000000E+01       8.0573500923E+00  3.5059891434E-01  2.8923685094E-01
  9.2000000000E+01  9.4000000000E+01       8.0555460373E+00  3.5031324678E-01  2.9074564771E-01
  9.3000000000E+01  9.5000000000E+01       8.0572871913E+00  3.4841705029E-01  2.9350662659E-01
  9.4000000000E+01  9.6000000000E+01       8.0479859573E+00  3.4883538349E-01  2.9440280497E-01
  9.5000000000E+01  9.7000000000E+01       8.0665803394E+00  3.4582185790E-01  2.9872485128E-01
  9.6000000000E+01  9.8000000000E+01       8.0544201062E+00  3.4621605540E-01  2.9933501801E-01
  9.7000000000E+01  9.9000000000E+01       8.0484258813E+00  3.4657867292E-01  3.0011605468E-01
  9.8000000000E+01  1.0000000000E+02       8.0388556252E+00  3.4738804120E-01  3.0052908360E-01
  9.9000000000E+01  1.0100000000E+02       8.0413377934E+00  3.4810913636E-01  3.0137104894E-01
  1.0000000000E+02  1.0200000000E+02       8.0675646644E+00  3.4547156760E-01  2.9697424961E-01
